34,37,49
1 2 3 4 5 6 7 8 9 10 11 12 13 14 15 16 17 18 19 20 21 22 23 24 25 26 27 28 29 30 31 32 33 F 35 36 B 38 39 40 41 42 43 44 45 46 47 48 49 

30,39,44
1 2 3 4 5 6 7 8 9 10 11 12 13 14 15 16 17 18 19 20 21 22 23 24 25 26 27 28 29 F 31 32 33 34 35 36 37 38 B 40 41 42 43 44 

32,42,46
1 2 3 4 5 6 7 8 9 10 11 12 13 14 15 16 17 18 19 20 21 22 23 24 25 26 27 28 29 30 31 F 33 34 35 36 37 38 39 40 41 B 43 44 45 46 

27,31,43
1 2 3 4 5 6 7 8 9 10 11 12 13 14 15 16 17 18 19 20 21 22 23 24 25 26 F 28 29 30 B 32 33 34 35 36 37 38 39 40 41 42 43 

3,18,31
1 2 F 4 5 F 7 8 F 10 11 F 13 14 F 16 17 FB 19 20 F 22 23 F 25 26 F 28 29 F 31 

10,12,39
1 2 3 4 5 6 7 8 9 F 11 B 13 14 15 16 17 18 19 F 21 22 23 B 25 26 27 28 29 F 31 32 33 34 35 B 37 38 39 

3,44,50
1 2 F 4 5 F 7 8 F 10 11 F 13 14 F 16 17 F 19 20 F 22 23 F 25 26 F 28 29 F 31 32 F 34 35 F 37 38 F 40 41 F 43 B F 46 47 F 49 50 

10,38,41
1 2 3 4 5 6 7 8 9 F 11 12 13 14 15 16 17 18 19 F 21 22 23 24 25 26 27 28 29 F 31 32 33 34 35 36 37 B 39 F 41 

22,28,50
1 2 3 4 5 6 7 8 9 10 11 12 13 14 15 16 17 18 19 20 21 F 23 24 25 26 27 B 29 30 31 32 33 34 35 36 37 38 39 40 41 42 43 F 45 46 47 48 49 50 

16,16,38
1 2 3 4 5 6 7 8 9 10 11 12 13 14 15 FB 17 18 19 20 21 22 23 24 25 26 27 28 29 30 31 FB 33 34 35 36 37 38 

6,23,29
1 2 3 4 5 F 7 8 9 10 11 F 13 14 15 16 17 F 19 20 21 22 B F 25 26 27 28 29 

16,22,40
1 2 3 4 5 6 7 8 9 10 11 12 13 14 15 F 17 18 19 20 21 B 23 24 25 26 27 28 29 30 31 F 33 34 35 36 37 38 39 40 

10,16,25
1 2 3 4 5 6 7 8 9 F 11 12 13 14 15 B 17 18 19 F 21 22 23 24 25 

26,38,50
1 2 3 4 5 6 7 8 9 10 11 12 13 14 15 16 17 18 19 20 21 22 23 24 25 F 27 28 29 30 31 32 33 34 35 36 37 B 39 40 41 42 43 44 45 46 47 48 49 50 

11,12,25
1 2 3 4 5 6 7 8 9 10 F B 13 14 15 16 17 18 19 20 21 F 23 B 25 

11,26,43
1 2 3 4 5 6 7 8 9 10 F 12 13 14 15 16 17 18 19 20 21 F 23 24 25 B 27 28 29 30 31 32 F 34 35 36 37 38 39 40 41 42 43 

15,25,43
1 2 3 4 5 6 7 8 9 10 11 12 13 14 F 16 17 18 19 20 21 22 23 24 B 26 27 28 29 F 31 32 33 34 35 36 37 38 39 40 41 42 43 

5,19,43
1 2 3 4 F 6 7 8 9 F 11 12 13 14 F 16 17 18 B F 21 22 23 24 F 26 27 28 29 F 31 32 33 34 F 36 37 B 39 F 41 42 43 

20,37,38
1 2 3 4 5 6 7 8 9 10 11 12 13 14 15 16 17 18 19 F 21 22 23 24 25 26 27 28 29 30 31 32 33 34 35 36 B 38 

11,20,25
1 2 3 4 5 6 7 8 9 10 F 12 13 14 15 16 17 18 19 B 21 F 23 24 25 

